   Data,      Time,   pH, Motor, pH_target 
2022_06_17___08_31_46 6.91, 0, 7
2022_06_17___08_31_47 6.91, 0, 7
2022_06_17___08_31_48 6.91, 0, 7
2022_06_17___08_31_49 6.91, 0, 7
2022_06_17___08_31_51 6.91, 0, 7
2022_06_17___08_31_52 6.81, 0, 7
2022_06_17___08_31_53 6.81, 0, 7
2022_06_17___08_31_54 6.81, 0, 7
2022_06_17___08_31_55 6.81, 0, 7
2022_06_17___08_31_56 6.81, 0, 7
2022_06_17___08_31_57 6.81, 0, 7
2022_06_17___08_31_58 6.81, 0, 7
2022_06_17___08_31_59 6.81, 0, 7
2022_06_17___08_32_01 6.81, 0, 7
2022_06_17___08_32_02 6.71, 1, 7
2022_06_17___08_32_03 6.71, 1, 7
2022_06_17___08_32_04 6.71, 1, 7
2022_06_17___08_32_06 6.71, 1, 7
2022_06_17___08_32_07 6.71, 1, 7
2022_06_17___08_32_08 6.71, 1, 7
2022_06_17___08_32_09 6.71, 1, 7
2022_06_17___08_32_10 6.71, 1, 7
2022_06_17___08_32_11 6.71, 1, 7
