   Data,      Time,   pH, Motor, pH_target 
2022_06_17___08_30_31 8.25, 0, 7
2022_06_17___08_30_32 8.25, 0, 7
2022_06_17___08_30_33 8.25, 0, 7
2022_06_17___08_30_35 8.25, 0, 7
2022_06_17___08_30_36 8.25, 0, 7
2022_06_17___08_30_37 8.25, 0, 7
2022_06_17___08_30_38 8.25, 0, 7
2022_06_17___08_30_39 8.25, 0, 7
2022_06_17___08_30_40 8.25, 0, 7
2022_06_17___08_30_41 8.25, 0, 7
2022_06_17___08_30_42 8.25, 0, 7
2022_06_17___08_30_43 8.25, 0, 7
2022_06_17___08_30_45 8.25, 0, 7
2022_06_17___08_30_46 8.25, 0, 7
2022_06_17___08_30_47 8.25, 0, 7
2022_06_17___08_30_48 8.25, 0, 7
2022_06_17___08_30_49 8.25, 0, 7
2022_06_17___08_30_50 8.25, 0, 7
2022_06_17___08_30_51 8.25, 0, 7
2022_06_17___08_30_52 8.25, 0, 7
2022_06_17___08_30_53 8.25, 0, 7
2022_06_17___08_30_55 8.25, 0, 7
