   Data,      Time,   pH, Motor, pH_target 
2022_05_29___17_20_18 7.131, 0, 7
2022_05_29___17_20_19 7.131, 0, 7
2022_05_29___17_20_20 7.131, 0, 7
2022_05_29___17_20_21 7.131, 0, 7
2022_05_29___17_20_23 7.131, 0, 7
2022_05_29___17_20_24 7.131, 0, 7
2022_05_29___17_20_25 7.131, 0, 7
2022_05_29___17_20_26 7.131, 0, 7
2022_05_29___17_20_27 7.131, 0, 7
2022_05_29___17_20_28 7.131, 0, 7
2022_05_29___17_20_29 7.131, 0, 7
2022_05_29___17_20_30 7.131, 0, 7
2022_05_29___17_20_31 7.131, 0, 0.13, 0.13, 0.13, 0.64, 0.1
2022_05_29___17_20_33 7.131, 0, 0.13, 0.26, 0.13, 0.66, 0.2
2022_05_29___17_20_34 7.131, 0, 0.13, 0.39, 0.13, 0.67, 0.3
2022_05_29___17_20_35 7.131, 0, 0.13, 0.52, 0.13, 0.68, 0.4
2022_05_29___17_20_36 7.131, 0, 0.13, 0.66, 0.13, 0.69, 0.5
2022_05_29___17_20_37 7.131, 0, 7
2022_05_29___17_20_38 7.131, 0, 7
2022_05_29___17_20_39 7.131, 0, 7
