   Data,      Time,    pH,  Mtr, ErP, ErI, ErD, ErSum, Saw 
2022_06_17___08_33_29 6.21, 0, -0.79, 0.0, -0.79, 0.0, 0.1
2022_06_17___08_33_30 6.21, 1, -0.79, 0.0, -0.79, 0.0, 0.2
2022_06_17___08_33_32 6.21, 1, -0.79, 0.0, -0.79, 0.0, 0.3
2022_06_17___08_33_33 6.17, 1, -0.83, 0.0, -0.83, 0.0, 0.4
2022_06_17___08_33_34 6.17, 1, -0.83, 0.0, -0.83, 0.0, 0.5
2022_06_17___08_33_35 6.17, 1, -0.83, 0.0, -0.83, 0.0, 0.6
2022_06_17___08_33_36 6.17, 1, -0.83, 0.0, -0.83, 0.0, 0.7
2022_06_17___08_33_37 6.17, 1, -0.83, 0.0, -0.83, 0.0, 0.8
2022_06_17___08_33_39 6.17, 1, -0.83, 0.0, -0.83, 0.0, 0.9
2022_06_17___08_33_40 6.17, 1, -0.83, 0.0, -0.83, 0.0, 1.0
2022_06_17___08_33_41 6.17, 1, -0.83, 0.0, -0.83, 0.0, 0.0
2022_06_17___08_33_42 6.27, 1, -0.73, 0.0, -0.73, 0.0, 0.1
2022_06_17___08_33_43 6.27, 1, -0.73, 0.0, -0.73, 0.0, 0.2
2022_06_17___08_33_44 6.27, 1, -0.73, 0.0, -0.73, 0.0, 0.3
2022_06_17___08_33_45 6.27, 1, -0.73, 0.0, -0.73, 0.0, 0.4
2022_06_17___08_33_47 6.27, 1, -0.73, 0.0, -0.73, 0.0, 0.5
2022_06_17___08_33_48 6.27, 1, -0.73, 0.0, -0.73, 0.0, 0.6
2022_06_17___08_33_49 6.27, 1, -0.73, 0.0, -0.73, 0.0, 0.7
2022_06_17___08_33_50 6.27, 1, -0.73, 0.0, -0.73, 0.0, 0.8
2022_06_17___08_33_51 6.27, 1, -0.73, 0.0, -0.73, 0.0, 0.9
2022_06_17___08_33_52 6.37, 1, -0.63, 0.0, -0.63, 0.0, 1.0
2022_06_17___08_33_53 6.37, 1, -0.63, 0.0, -0.63, 0.0, 0.0
2022_06_17___08_33_55 6.37, 1, -0.63, 0.0, -0.63, 0.0, 0.1
2022_06_17___08_33_56 6.37, 1, -0.63, 0.0, -0.63, 0.0, 0.2
2022_06_17___08_33_57 6.37, 1, -0.63, 0.0, -0.63, 0.0, 0.3
2022_06_17___08_33_58 6.37, 1, -0.63, 0.0, -0.63, 0.0, 0.4
2022_06_17___08_33_59 6.37, 1, -0.63, 0.0, -0.63, 0.0, 0.5
2022_06_17___08_34_00 6.37, 1, -0.63, 0.0, -0.63, 0.0, 0.6
2022_06_17___08_34_01 6.37, 1, -0.63, 0.0, -0.63, 0.0, 0.7
2022_06_17___08_34_03 6.47, 1, -0.53, 0.0, -0.53, 0.0, 0.8
2022_06_17___08_34_04 6.47, 1, -0.53, 0.0, -0.53, 0.0, 0.9
2022_06_17___08_34_05 6.47, 1, -0.53, 0.0, -0.53, 0.0, 1.0
2022_06_17___08_34_06 6.47, 1, -0.53, 0.0, -0.53, 0.0, 0.0
2022_06_17___08_34_07 6.47, 1, -0.53, 0.0, -0.53, 0.0, 0.1
2022_06_17___08_34_08 6.47, 1, -0.53, 0.0, -0.53, 0.0, 0.2
2022_06_17___08_34_09 6.47, 1, -0.53, 0.0, -0.53, 0.0, 0.3
2022_06_17___08_34_11 6.47, 1, -0.53, 0.0, -0.53, 0.0, 0.4
2022_06_17___08_34_12 6.47, 1, -0.53, 0.0, -0.53, 0.0, 0.5
2022_06_17___08_34_13 6.57, 1, -0.43, 0.0, -0.43, 0.0, 0.6
2022_06_17___08_34_14 6.57, 1, -0.43, 0.0, -0.43, 0.0, 0.7
2022_06_17___08_34_15 6.57, 1, -0.43, 0.0, -0.43, 0.0, 0.8
2022_06_17___08_34_16 6.57, 1, -0.43, 0.0, -0.43, 0.0, 0.9
2022_06_17___08_34_17 6.57, 1, -0.43, 0.0, -0.43, 0.0, 1.0
2022_06_17___08_34_19 6.57, 1, -0.43, 0.0, -0.43, 0.0, 0.0
2022_06_17___08_34_20 6.57, 1, -0.43, 0.0, -0.43, 0.0, 0.1
2022_06_17___08_34_21 6.57, 1, -0.43, 0.0, -0.43, 0.0, 0.2
2022_06_17___08_34_22 6.57, 1, -0.43, 0.0, -0.43, 0.0, 0.3
2022_06_17___08_34_23 6.67, 1, -0.33, 0.0, -0.33, 0.0, 0.4
2022_06_17___08_34_24 6.67, 1, -0.33, 0.0, -0.33, 0.0, 0.5
2022_06_17___08_34_26 6.67, 1, -0.33, 0.0, -0.33, 0.0, 0.6
2022_06_17___08_34_27 6.67, 1, -0.33, 0.0, -0.33, 0.0, 0.7
2022_06_17___08_34_28 6.67, 1, -0.33, 0.0, -0.33, 0.0, 0.8
2022_06_17___08_34_29 6.67, 1, -0.33, 0.0, -0.33, 0.0, 0.9
2022_06_17___08_34_30 6.67, 1, -0.33, 0.0, -0.33, 0.0, 1.0
2022_06_17___08_34_31 6.67, 1, -0.33, 0.0, -0.33, 0.0, 0.0
2022_06_17___08_34_32 6.77, 1, -0.23, 0.0, -0.23, 0.0, 0.1
2022_06_17___08_34_34 6.77, 1, -0.23, 0.0, -0.23, 0.0, 0.2
2022_06_17___08_34_35 6.77, 1, -0.23, 0.0, -0.23, 0.0, 0.3
2022_06_17___08_34_36 6.77, 1, -0.23, 0.0, -0.23, 0.0, 0.4
2022_06_17___08_34_37 6.77, 1, -0.23, 0.0, -0.23, 0.0, 0.5
2022_06_17___08_34_38 6.77, 1, -0.23, 0.0, -0.23, 0.0, 0.6
2022_06_17___08_34_39 6.77, 1, -0.23, 0.0, -0.23, 0.0, 0.7
2022_06_17___08_34_40 6.77, 1, -0.23, 0.0, -0.23, 0.0, 0.8
2022_06_17___08_34_42 6.77, 1, -0.23, 0.0, -0.23, 0.0, 0.9
2022_06_17___08_34_43 6.87, 1, -0.13, 0.0, -0.13, 0.0, 1.0
2022_06_17___08_34_44 6.87, 1, -0.13, 0.0, -0.13, 0.0, 0.0
2022_06_17___08_34_45 6.87, 1, -0.13, 0.0, -0.13, 0.0, 0.1
2022_06_17___08_34_46 6.87, 1, -0.13, 0.0, -0.13, 0.0, 0.2
2022_06_17___08_34_47 6.87, 1, -0.13, 0.0, -0.13, 0.0, 0.3
2022_06_17___08_34_49 6.87, 1, -0.13, 0.0, -0.13, 0.0, 0.4
2022_06_17___08_34_50 6.87, 1, -0.13, 0.0, -0.13, 0.0, 0.5
2022_06_17___08_34_51 6.87, 1, -0.13, 0.0, -0.13, 0.0, 0.6
2022_06_17___08_34_52 6.87, 1, -0.13, 0.0, -0.13, 0.0, 0.7
2022_06_17___08_34_53 6.97, 1, -0.03, 0.0, -0.03, 0.0, 0.8
2022_06_17___08_34_54 6.97, 1, -0.03, 0.0, -0.03, 0.0, 0.9
2022_06_17___08_34_55 6.97, 1, -0.03, 0.0, -0.03, 0.0, 1.0
2022_06_17___08_34_57 6.97, 1, -0.03, 0.0, -0.03, 0.0, 0.0
2022_06_17___08_34_58 6.97, 1, -0.03, 0.0, -0.03, 0.0, 0.1
2022_06_17___08_34_59 6.97, 1, -0.03, 0.0, -0.03, 0.0, 0.2
2022_06_17___08_35_00 6.97, 1, -0.03, 0.0, -0.03, 0.0, 0.3
2022_06_17___08_35_01 6.97, 1, -0.03, 0.0, -0.03, 0.0, 0.4
2022_06_17___08_35_02 6.97, 1, -0.03, 0.0, -0.03, 0.0, 0.5
2022_06_17___08_35_03 7.07, 1, 0.07, 0.07, 0.07, 0.34, 0.6
2022_06_17___08_35_05 7.07, 1, 0.07, 0.14, 0.07, 0.35, 0.7
2022_06_17___08_35_06 7.07, 1, 0.07, 0.21, 0.07, 0.36, 0.8
2022_06_17___08_35_07 7.07, 1, 0.07, 0.28, 0.07, 0.36, 0.9
2022_06_17___08_35_08 7.07, 1, 0.07, 0.35, 0.07, 0.37, 1.0
2022_06_17___08_35_10 7.07, 0, 0.07, 0.42, 0.07, 0.38, 0.0
2022_06_17___08_35_11 7.07, 0, 0.07, 0.49, 0.07, 0.39, 0.1
2022_06_17___08_35_12 7.07, 0, 0.07, 0.56, 0.07, 0.39, 0.2
2022_06_17___08_35_13 7.13, 0, 0.13, 0.69, 0.13, 0.69, 0.3
2022_06_17___08_35_14 7.13, 0, 0.13, 0.82, 0.13, 0.71, 0.4
2022_06_17___08_35_15 7.13, 0, 0.13, 0.95, 0.13, 0.72, 0.5
2022_06_17___08_35_17 7.13, 0, 0.13, 1.08, 0.13, 0.73, 0.6
2022_06_17___08_35_18 7.13, 0, 0.13, 1.21, 0.13, 0.74, 0.7
2022_06_17___08_35_19 7.13, 0, 0.13, 1.34, 0.13, 0.76, 0.8
2022_06_17___08_35_21 7.13, 1, 0.13, 1.47, 0.13, 0.77, 0.9
2022_06_17___08_35_22 7.13, 1, 0.13, 1.6, 0.13, 0.78, 1.0
2022_06_17___08_35_23 7.09, 0, 0.09, 1.69, 0.09, 0.6, 0.0
2022_06_17___08_35_25 7.09, 0, 0.09, 1.78, 0.09, 0.61, 0.1
2022_06_17___08_35_26 7.09, 0, 0.09, 1.87, 0.09, 0.62, 0.2
2022_06_17___08_35_27 7.09, 0, 0.09, 1.96, 0.09, 0.63, 0.3
2022_06_17___08_35_28 7.09, 0, 0.09, 2.05, 0.09, 0.64, 0.4
2022_06_17___08_35_29 7.09, 0, 0.09, 2.14, 0.09, 0.65, 0.5
2022_06_17___08_35_30 7.09, 0, 0.09, 2.23, 0.09, 0.65, 0.6
2022_06_17___08_35_31 7.09, 0, 0.09, 2.32, 0.09, 0.66, 0.7
2022_06_17___08_35_33 7.01, 1, 0.01, 2.33, 0.01, 0.28, 0.8
2022_06_17___08_35_34 7.01, 1, 0.01, 2.34, 0.01, 0.28, 0.9
2022_06_17___08_35_35 7.01, 1, 0.01, 2.35, 0.01, 0.28, 1.0
2022_06_17___08_35_37 7.01, 0, 0.01, 2.36, 0.01, 0.28, 0.0
2022_06_17___08_35_38 7.01, 0, 0.01, 2.37, 0.01, 0.28, 0.1
2022_06_17___08_35_39 7.01, 0, 0.01, 2.38, 0.01, 0.29, 0.2
2022_06_17___08_35_40 7.01, 0, 0.01, 2.39, 0.01, 0.29, 0.3
2022_06_17___08_35_42 7.01, 1, 0.01, 2.4, 0.01, 0.29, 0.4
2022_06_17___08_35_43 7.05, 1, 0.05, 2.45, 0.05, 0.48, 0.5
2022_06_17___08_35_44 7.05, 1, 0.05, 2.5, 0.05, 0.49, 0.6
2022_06_17___08_35_45 7.05, 1, 0.05, 2.55, 0.05, 0.49, 0.7
2022_06_17___08_35_47 7.05, 1, 0.05, 2.6, 0.05, 0.5, 0.8
2022_06_17___08_35_48 7.05, 1, 0.05, 2.65, 0.05, 0.5, 0.9
2022_06_17___08_35_49 7.05, 1, 0.05, 2.7, 0.05, 0.51, 1.0
